B = 0.0000153;
k = 204;
L = 4.0500e-04;

h = (B*k)/L